4 5 6 7 8 2 
9 10 11 12 13 14 15 16 17 18 8 2 
19 20 21 22 23 24 25 26 2 
27 28 29 30 31 8 2 
32 33 34 35 36 22 37 38 39 40 41 42 43 44 8 2 
11 45 13 46 47 48 22 49 8 2 
11 50 51 52 53 32 8 2 
54 55 56 57 8 2 
58 59 60 61 26 2 
62 63 64 8 2 
11 45 47 48 65 8 2 
66 67 68 69 8 2 
11 45 10 19 70 8 2 
71 72 73 10 74 75 8 2 
76 77 78 8 2 
79 65 80 81 82 83 84 85 7 86 8 2 
87 88 44 16 41 89 90 91 92 93 8 2 
4 88 44 94 95 18 8 2 
96 32 97 98 99 26 2 
19 100 101 18 8 2 
102 103 50 104 105 97 19 51 8 2 
106 44 107 106 44 108 72 109 110 8 2 
98 111 112 7 113 2 
114 115 116 117 98 118 119 120 97 57 8 2 
65 121 97 122 123 8 2 
124 125 126 97 113 2 
127 128 129 10 65 130 131 132 8 2 
133 134 135 136 18 8 2 
137 138 139 140 141 129 10 107 79 142 8 2 
143 11 144 145 10 146 146 20 147 148 8 2 
149 149 10 150 66 67 97 145 26 2 
151 152 153 154 155 155 156 8 2 
157 101 158 46 159 8 2 
4 79 19 86 8 2 
160 10 161 162 10 163 164 8 2 
165 166 166 11 45 19 167 168 18 8 2 
4 97 169 170 103 171 172 78 97 113 2 
173 174 13 175 59 4 7 8 2 
176 177 10 178 179 8 2 
180 181 182 183 97 184 185 8 2 
24 13 24 13 24 13 24 13 24 13 24 13 24 13 8 2 
65 186 187 86 113 2 
23 65 188 189 79 103 190 191 192 167 193 103 8 2 
52 19 10 194 195 8 2 
196 107 147 65 197 19 8 2 
4 97 186 187 103 198 199 200 201 113 2 
202 81 79 103 52 197 203 204 8 2 
149 149 16 205 7 8 2 
11 206 103 207 208 18 26 2 
209 210 211 212 213 26 2 
214 214 10 19 215 86 8 2 
216 217 10 20 218 219 35 220 221 222 223 57 8 2 
71 19 97 8 2 
11 45 103 224 225 221 225 113 2 
226 16 226 107 4 97 101 125 198 227 228 197 229 8 2 
213 230 71 231 232 26 2 
233 234 235 236 237 7 8 2 
35 22 45 74 8 2 
11 238 239 240 241 242 243 8 2 
151 244 76 53 245 135 246 247 248 249 8 2 
19 242 97 250 78 8 2 
157 101 129 251 145 10 252 253 251 254 8 2 
52 255 256 8 2 
257 258 103 256 123 259 260 35 19 7 8 2 
261 262 151 15 76 41 263 264 157 8 2 
265 266 74 74 267 41 268 269 270 271 272 273 274 275 8 2 
58 276 277 4 278 279 280 8 2 
281 282 283 284 103 45 192 285 57 8 2 
286 287 288 289 8 2 
65 200 290 291 10 129 200 292 38 8 2 
293 289 35 294 198 295 26 2 
196 150 44 296 297 78 97 64 74 26 2 
234 298 103 124 22 45 8 2 
13 299 300 7 10 128 301 128 301 302 234 7 8 2 
19 47 175 8 2 
11 16 149 303 304 299 305 8 2 
102 97 71 53 306 97 307 26 2 
308 309 310 41 262 98 22 311 26 2 
312 217 10 313 314 26 2 
4 315 7 197 229 316 8 2 
317 318 16 103 45 19 319 320 18 8 2 
321 322 197 323 121 8 2 
11 45 66 67 324 132 7 10 194 195 8 2 
257 115 97 325 326 103 171 144 113 2 
140 193 137 138 142 142 327 328 329 8 2 
47 48 127 114 222 32 330 331 305 8 2 
332 321 333 22 334 22 10 149 149 8 2 
11 335 143 18 8 2 
279 336 337 338 101 60 339 340 8 2 
190 140 97 267 341 342 7 8 2 
11 157 15 343 234 298 103 158 344 345 106 144 7 8 2 
310 11 16 346 347 86 8 2 
98 66 67 97 26 2 
16 348 103 13 97 82 349 10 58 350 212 213 8 2 
351 10 352 353 354 247 147 355 7 8 2 
4 16 356 103 102 103 357 358 8 2 
359 15 360 360 361 362 114 324 16 324 148 307 8 2 
157 101 363 46 8 2 
102 255 184 185 18 8 2 
106 44 79 196 364 19 113 2 
