365 366 367 367 22 211 10 19 163 6 368 16 369 8 2 
82 74 370 60 371 115 181 8 2 
337 186 372 373 97 374 45 146 146 8 2 
263 74 375 376 97 377 378 78 26 2 
379 282 380 81 379 381 382 97 33 383 8 2 
384 191 10 35 212 212 139 191 385 386 148 57 8 2 
387 388 294 389 199 256 390 117 391 392 8 2 
393 234 394 395 229 82 97 396 397 398 106 44 399 113 2 
400 370 11 50 185 401 402 22 386 117 403 8 2 
281 97 10 404 225 281 97 405 406 225 26 2 
407 199 408 409 97 410 78 411 412 26 2 
413 414 415 32 97 272 273 416 417 418 81 234 7 8 2 
48 419 131 193 16 420 226 421 22 421 7 8 2 
422 423 424 338 4 103 124 45 425 426 8 2 
247 427 7 10 257 45 426 428 10 429 74 430 8 2 
431 432 20 433 10 434 5 228 106 44 144 7 113 2 
13 20 175 435 125 415 436 74 97 35 103 437 93 8 2 
438 439 193 324 440 441 43 18 65 442 65 8 2 
339 332 443 430 73 236 10 339 73 236 8 2 
215 444 445 415 446 447 97 448 74 26 2 
449 301 450 451 452 10 453 454 104 455 8 2 
456 457 458 459 110 246 10 4 460 461 462 45 113 2 
372 463 464 65 45 465 143 8 2 
116 117 466 281 467 10 400 468 103 124 459 110 469 307 113 2 
32 25 470 68 11 45 457 471 16 113 2 
32 472 78 423 97 473 474 428 200 196 113 2 
209 298 475 193 47 48 364 147 279 476 97 477 478 145 8 2 
332 479 58 350 10 13 175 4 10 149 149 8 2 
480 345 11 481 144 10 482 483 242 243 8 2 
146 146 19 53 32 10 87 464 386 484 429 128 26 2 
485 486 10 22 45 16 111 97 487 488 26 2 
489 143 426 66 67 36 152 490 491 155 155 492 26 2 
370 13 493 494 22 386 11 45 76 197 229 495 63 113 2 
261 262 11 103 496 282 97 497 230 167 466 8 2 
19 160 498 499 161 10 500 501 22 502 368 8 2 
503 504 505 506 10 19 65 507 148 228 145 26 2 
149 149 10 361 464 35 11 144 221 508 7 8 2 
509 509 510 350 13 20 22 289 11 44 511 301 8 2 
400 256 412 512 225 513 514 155 515 11 516 51 26 2 
107 16 234 507 148 10 24 16 234 200 114 8 2 
197 517 518 500 519 520 73 521 522 523 8 2 
524 489 83 525 526 527 352 528 289 529 26 2 
500 530 420 438 97 294 389 247 531 7 113 2 
532 533 22 534 319 535 97 536 520 537 538 8 2 
257 539 540 205 541 542 543 326 544 545 546 2 
11 45 282 25 79 143 198 199 86 113 2 
221 547 548 549 97 550 551 234 7 8 2 
167 525 78 4 483 7 18 552 26 2 
553 495 11 50 51 554 65 286 555 7 26 2 
556 315 4 22 45 557 558 559 97 560 561 551 542 128 546 2 
361 362 415 419 22 562 10 36 563 142 269 8 2 
554 105 564 564 248 433 422 97 222 223 8 2 
565 500 97 566 567 383 568 8 2 
74 569 97 279 570 293 289 341 571 295 26 2 
191 23 572 573 7 574 498 575 10 4 224 226 86 113 2 
542 463 362 72 576 185 401 10 312 68 542 32 175 546 2 
52 577 97 578 10 579 81 580 581 222 8 2 
11 582 251 10 4 20 372 583 22 433 129 200 113 2 
22 45 584 585 22 45 445 586 8 2 
587 577 267 262 151 15 76 98 245 246 65 588 307 8 2 
16 324 48 87 589 590 250 591 19 592 593 26 2 
129 524 594 595 252 253 97 157 251 596 8 2 
597 4 598 599 600 386 601 602 602 603 26 2 
247 428 604 464 157 132 605 8 2 
261 262 151 606 607 143 263 608 264 157 8 2 
609 610 233 234 272 273 611 612 97 613 277 7 214 8 2 
614 121 422 253 114 228 615 58 276 97 279 19 8 2 
415 616 617 618 619 97 526 45 282 25 8 2 
359 250 620 596 621 170 622 10 623 120 264 157 624 7 26 2 
196 65 290 625 97 485 463 10 103 292 38 97 8 2 
626 22 401 362 627 10 628 22 629 422 504 8 2 
22 630 451 623 205 372 64 74 631 224 632 97 228 269 8 2 
633 45 51 10 634 78 51 635 8 2 
636 180 97 637 638 10 103 74 58 639 640 97 128 245 8 2 
13 103 22 23 641 78 476 97 642 242 542 128 546 2 
149 643 32 132 97 215 644 103 11 144 97 26 2 
22 23 645 65 53 306 646 97 343 647 8 2 
281 282 648 488 97 257 464 143 649 19 8 2 
251 650 97 651 326 18 10 4 217 103 150 44 279 26 2 
652 320 653 364 7 654 655 179 656 8 2 
317 318 10 157 657 16 103 19 658 144 8 2 
165 13 430 11 125 659 524 35 221 660 386 32 661 8 2 
542 662 186 99 663 546 53 32 97 99 663 26 2 
664 665 230 666 92 10 22 45 74 33 667 8 2 
142 617 150 668 22 45 669 18 8 2 
587 670 97 671 672 324 221 660 7 8 2 
11 144 97 332 321 415 47 175 7 8 2 
596 628 74 673 97 674 675 676 677 542 128 678 546 2 
679 280 97 680 576 10 42 43 681 682 97 683 684 8 2 
685 686 4 430 74 569 83 120 668 8 2 
22 687 59 7 101 10 131 106 44 688 193 196 256 7 8 2 
613 148 689 690 206 103 691 692 212 693 694 695 74 8 2 
696 697 335 143 10 698 699 198 227 103 66 67 97 8 2 
157 58 350 212 213 700 701 279 280 8 2 
224 458 197 115 10 616 617 226 702 8 2 
703 704 705 405 386 268 706 10 361 362 380 707 107 563 8 2 
79 65 583 196 107 496 708 63 709 113 2 
524 355 125 352 659 22 582 500 251 10 710 114 26 2 
448 74 372 82 74 711 712 146 97 285 713 542 128 546 2 
22 714 558 715 716 717 718 719 10 107 583 715 617 108 26 2 
